1000
24 99
988 649
683 902
116 643
919 593
63 473
19 69
185 331
478 465
368 685
869 442
89 375
11 341
334 242
380 216
94 76
747 932
880 863
653 775
13 12
311 70
212 843
379 987
112 91
896 196
975 356
804 478
1 47
65 35
406 285
232 646
221 511
835 842
292 187
281 449
916 991
59 120
606 40
74 110
961 19
212 650
142 625
68 201
137 77
238 125
402 641
313 179
143 219
244 543
862 883
910 936
417 759
44 392
518 307
537 43
661 823
255 252
965 884
966 833
566 673
431 523
519 798
549 157
617 320
357 797
78 52
9 346
35 49
899 539
598 508
464 36
720 351
340 559
633 651
507 479
13 757
210 50
111 398
87 379
378 426
386 405
661 7
102 86
373 871
19 11
117 546
470 181
831 676
192 252
863 202
39 600
776 668
304 291
303 104
542 323
825 149
410 252
530 299
191 147
257 397
508 957
532 910
300 384
331 903
155 16
5 62
242 924
732 109
378 693
276 611
122 291
750 32
854 119
22 28
153 586
29 89
48 329
304 539
292 706
399 93
229 333
69 135
184 789
4 2
34 142
167 479
714 826
667 756
274 144
973 928
104 27
901 471
3 807
76 138
77 69
209 367
5 84
950 514
153 69
726 158
86 582
454 647
18 10
352 565
345 344
64 403
42 20
913 807
267 587
27 30
176 324
37 485
833 83
38 298
49 113
191 638
536 389
26 717
67 64
186 171
17 26
26 29
489 478
727 394
34 14
780 103
969 898
36 109
771 312
328 17
995 965
158 88
242 639
364 495
327 122
9 445
249 134
152 401
472 364
178 54
57 567
85 226
720 952
551 42
278 117
421 114
29 33
927 700
45 572
34 284
581 702
6 5
253 189
457 623
698 293
279 31
912 903
185 486
206 98
80 74
769 949
633 679
496 851
129 774
200 458
603 515
518 800
22 7
432 528
423 298
289 514
64 47
101 35
663 347
24 88
66 25
696 646
206 259
214 312
218 223
730 744
41 35
916 19
337 599
10 118
530 591
440 204
15 96
483 557
39 122
101 628
853 54
620 15
500 689
984 990
271 734
128 5
29 752
612 359
664 488
359 357
51 541
5 8
269 297
999 536
150 122
968 555
26 343
593 198
643 755
416 368
629 445
828 255
22 76
461 145
4 5
452 217
420 447
344 59
374 420
779 99
349 940
749 516
105 157
203 174
500 72
637 137
382 30
17 44
83 144
667 650
184 127
348 59
560 339
709 670
188 18
520 791
261 579
978 20
113 829
108 767
219 271
346 562
1 32
214 18
616 260
236 204
315 422
427 95
453 148
179 114
33 50
17 602
357 12
67 974
423 821
48 167
105 786
494 445
154 34
133 868
154 290
175 466
222 48
652 526
751 659
840 420
15 14
457 23
284 801
937 230
299 856
895 71
14 610
248 233
474 57
442 715
589 356
331 839
790 155
168 14
745 223
53 185
82 76
373 653
838 243
609 733
147 758
402 207
294 30
173 337
696 746
359 635
765 10
824 625
885 170
117 391
15 68
566 267
353 499
268 330
149 76
874 543
293 161
516 762
477 130
82 394
588 495
463 96
333 604
321 144
294 737
134 325
883 931
805 188
554 15
512 481
161 241
690 574
225 8
145 9
148 204
1 568
911 890
251 471
191 315
886 447
653 748
527 997
640 554
269 107
85 13
701 147
450 357
234 963
501 486
563 85
302 176
441 424
7 116
174 283
544 9
320 62
112 945
852 690
156 371
438 256
322 656
67 111
753 673
306 196
49 70
252 909
221 376
63 217
123 75
677 408
826 977
19 27
228 50
25 613
446 138
383 513
77 257
26 43
369 226
660 83
436 49
36 55
17 865
280 893
93 140
223 614
564 396
357 986
390 469
126 81
189 770
7 360
135 363
488 68
778 408
649 705
112 548
373 268
243 844
903 951
11 151
38 13
707 375
260 39
335 917
487 777
92 305
488 939
165 861
651 725
891 262
35 858
1 14
710 993
15 16
577 309
63 21
208 176
418 305
981 414
261 243
741 624
7 10
246 430
569 109
106 724
834 62
395 76
40 16
261 519
383 222
392 459
124 245
498 106
513 887
450 535
996 856
700 115
95 8
70 230
68 86
722 832
290 435
91 100
632 884
675 84
369 381
221 728
90 299
433 304
273 431
980 879
89 481
439 103
137 251
120 213
317 154
113 892
139 20
76 221
86 538
28 190
18 72
8 17
322 101
738 599
105 95
34 339
234 21
533 16
619 112
8 194
286 282
310 36
428 465
28 114
799 849
254 115
547 537
982 298
267 907
42 484
558 546
98 74
477 710
349 325
251 692
132 71
867 588
67 583
227 9
835 62
442 223
52 134
406 938
125 136
621 30
816 505
712 551
945 971
882 308
575 438
362 540
58 48
668 87
676 506
464 923
9 23
124 316
349 601
443 114
398 483
964 739
671 446
807 809
9 8
302 366
309 118
732 859
175 336
782 396
873 359
662 274
109 370
199 34
37 8
266 172
846 933
642 501
303 409
162 91
11 388
358 100
812 156
87 49
216 425
1 2
682 124
247 232
374 193
26 243
101 451
130 99
872 537
150 200
415 784
59 32
428 52
128 308
14 31
121 164
414 341
12 146
795 142
277 153
374 609
267 51
808 166
308 502
51 141
287 144
697 100
875 442
684 283
740 475
3 1
239 148
167 424
108 890
179 296
10 235
500 630
289 708
241 265
335 245
537 634
180 66
191 429
16 897
894 270
180 412
221 556
953 403
294 819
263 175
4 7
870 517
542 595
173 38
927 944
450 803
3 45
524 239
648 294
88 356
127 195
294 504
415 206
881 800
581 521
242 578
160 326
364 731
158 788
878 976
38 845
246 222
51 22
241 862
694 398
175 142
585 339
47 79
136 877
264 262
553 608
275 526
156 75
92 125
962 468
455 405
561 263
766 444
992 530
318 107
100 571
75 106
286 665
536 860
351 73
432 39
337 534
864 830
567 929
983 823
52 119
361 99
117 116
522 131
31 626
165 41
23 57
53 52
16 54
212 71
620 627
64 108
487 303
399 468
754 731
67 205
592 699
143 256
106 189
783 328
174 89
64 163
75 30
6 935
922 584
307 204
984 228
631 658
60 847
117 742
959 582
43 56
496 300
100 121
796 140
184 618
275 25
166 64
514 941
242 955
363 550
878 257
133 32
41 794
493 29
350 315
248 998
521 35
148 41
172 454
437 19
17 323
35 237
902 947
836 152
226 244
142 739
755 772
85 207
28 61
921 226
52 27
354 309
900 101
124 224
876 19
645 499
112 657
722 270
245 555
265 393
107 97
711 324
258 166
695 540
20 270
672 329
60 71
91 87
25 36
531 210
140 218
332 678
242 228
190 385
810 37
80 272
736 31
785 32
372 188
122 216
302 338
82 193
680 317
516 3
233 4
45 285
753 848
197 60
82 160
193 407
147 3
972 811
729 914
83 13
509 443
392 508
989 390
372 574
837 427
257 347
96 240
359 456
691 416
54 730
176 520
271 362
773 488
66 332
866 780
368 265
719 415
152 747
185 300
505 320
636 168
187 9
92 67
718 107
586 930
857 612
905 220
979 598
233 497
480 456
434 351
170 111
159 14
365 349
359 597
282 265
615 72
828 855
552 203
45 232
35 8
169 101
387 132
518 928
355 20
400 70
74 23
302 649
112 231
764 678
58 183
515 471
161 59
280 15
27 46
590 530
529 573
684 920
506 251
716 288
735 521
674 50
793 925
610 704
721 215
456 525
523 605
176 28
378 2
201 288
268 10
352 55
319 117
6 20
282 688
482 196
254 340
408 205
109 389
589 594
458 666
80 143
131 59
476 184
915 831
985 151
739 970
460 81
784 918
25 103
850 781
713 518
786 815
165 182
3 24
946 250
214 633
11 2
243 396
942 520
954 190
90 295
194 444
141 281
353 113
48 31
178 659
768 466
630 655
385 761
61 129
813 160
417 134
681 112
908 69
173 462
1000 314
72 545
229 199
631 817
274 729
273 237
448 287
926 960
444 743
529 469
60 42
306 580
12 4
802 129
240 527
255 670
251 517
392 624
26 152
380 503
87 196
97 12
393 846
238 607
115 65
228 683
377 144
21 10
943 176
473 687
152 889
596 137
93 26
250 68
22 262
388 584
39 24
98 654
505 811
763 118
475 126
669 96
90 58
276 174
820 149
